8
9
10
11
12
38
40
73
77
79
80
158
159
175
179
181
183
184
459
490
491
527
575
665
705
750
773
776
851
903
994
998
999
1000
1001
1004
1005
1006
1007
1008
1018
1068
1071
1075
1076
1085
1094
1099
1118
1130
1132
1138
1144
1150
1158
1161
1179
1181
1231
1352
1371
1372
1373
1374
1375
1377
1383
1384
1385
1386
1387
1412
1522
1558
1567
1606
1610
1612
1624
1640
1705
1731
1755
1757
1776
1777
1778
1779
1780
1781
1782
1783
1784
1847
1848
2084
2112
2147
2175
2186
2191
2193
2197
2201
2205
2235
2237
2247
2272
2274
2334
2395
2396
2397
2412
2415
2421
2424
2494
2531
2554
2580
2581
2615
2623
2670
2709
2720
2723
